{
 "cells": [
  {
   "cell_type": "code",
   "execution_count": 2,
   "id": "4be32904",
   "metadata": {},
   "outputs": [],
   "source": [
    "import os\n",
    "import cv2\n",
    "from math import *\n",
    "import numpy as np"
   ]
  },
  {
   "cell_type": "code",
   "execution_count": 3,
   "id": "bfd2bdd5",
   "metadata": {},
   "outputs": [],
   "source": [
    "def read_matrix_from_txt(file_path):\n",
    "    with open(file_path, 'r') as f:\n",
    "        matrix = np.array([list(map(float, line.split())) for line in f])\n",
    "        return matrix.reshape((4, 4))"
   ]
  },
  {
   "cell_type": "markdown",
   "id": "2642d252",
   "metadata": {},
   "source": [
    "### methods\n",
    "- CALIB_HAND_EYE_TSAI\n",
    "- CALIB_HAND_EYE_PARK\n",
    "- CALIB_HAND_EYE_HORAUD\n",
    "- CALIB_HAND_EYE_ANDREFF\n",
    "- CALIB_HAND_EYE_DANIILIDIS\n"
   ]
  },
  {
   "cell_type": "code",
   "execution_count": 114,
   "id": "5b8aed2a",
   "metadata": {},
   "outputs": [
    {
     "data": {
      "text/plain": [
       "array([[ 0.99943167,  0.01557992,  0.02989315, -0.04248998],\n",
       "       [-0.03179406,  0.14099791,  0.98949923,  0.02602853],\n",
       "       [ 0.01120145, -0.98988729,  0.14141312, -0.01045452],\n",
       "       [ 0.        ,  0.        ,  0.        ,  1.        ]])"
      ]
     },
     "execution_count": 114,
     "metadata": {},
     "output_type": "execute_result"
    }
   ],
   "source": [
    "R_gripper2base_list = []\n",
    "T_gripper2base_list = []\n",
    "\n",
    "R_target2camera_list = []\n",
    "T_target2camera_list = []\n",
    "\n",
    "input_dir_1 = '/Users/coulson/23.7.9/calibration/complete_cali'\n",
    "input_dir_2 = '/Users/coulson/23.7.9/calibration/complete_real'\n",
    "\n",
    "if os.path.exists(input_dir_1 + '/.DS_Store'):\n",
    "    os.remove(input_dir_1 + '/.DS_Store')\n",
    "\n",
    "if os.path.exists(input_dir_2 + '/.DS_Store'):\n",
    "    os.remove(input_dir_2 + '/.DS_Store')\n",
    "    \n",
    "files_1 = sorted(os.listdir(input_dir_1))\n",
    "for i in range(0, len(files_1)):\n",
    "    mat = read_matrix_from_txt(os.path.join(input_dir_1, files_1[i]))\n",
    "    R_target2camera_list.append(mat[:3, :3]) \n",
    "    T_target2camera_list.append(mat[:3, 3].reshape((3, 1)))       \n",
    "    \n",
    "\n",
    "files_2 = sorted(os.listdir(input_dir_2))\n",
    "for i in range(0, len(files_2)):\n",
    "    mat = read_matrix_from_txt(os.path.join(input_dir_2, files_2[i]))\n",
    "    R_gripper2base_list.append(mat[:3, :3]) \n",
    "    T_gripper2base_list.append(mat[:3, 3].reshape((3, 1)))   \n",
    "    \n",
    "R_camera2gripper, T_camera2gripper = cv2.calibrateHandEye(R_gripper2base_list, T_gripper2base_list,\n",
    "                                                            R_target2camera_list, T_target2camera_list, method = cv2.CALIB_HAND_EYE_DANIILIDIS)\n",
    "RT_camera_to_gripper = np.column_stack((R_camera2gripper, T_camera2gripper))\n",
    "RT_camera_to_gripper = np.row_stack((RT_camera_to_gripper, np.array([0, 0, 0, 1])))\n",
    "assert(np.isclose(np.linalg.det(RT_camera_to_gripper[:3, :3]), 1.))\n",
    "RT_camera_to_gripper # camera 2 rigid body"
   ]
  },
  {
   "cell_type": "code",
   "execution_count": 43,
   "id": "762f39cc",
   "metadata": {},
   "outputs": [],
   "source": [
    "def check_result(R_cb, T_cb, R_gb, T_gb, R_tc, T_tc):\n",
    "        for i in range(len(R_gb)):\n",
    "            RT_gripper2base = np.column_stack((R_gb[i], T_gb[i]))\n",
    "            RT_gripper2base = np.row_stack((RT_gripper2base, np.array([0, 0, 0, 1])))\n",
    "            # print(RT_gripper2base)\n",
    "\n",
    "            RT_camera_to_gripper = np.column_stack((R_cb, T_cb))\n",
    "            RT_camera_to_gripper = np.row_stack((RT_camera_to_gripper, np.array([0, 0, 0, 1])))\n",
    "            # print(RT_camera_to_gripper)#这个就是手眼矩阵\n",
    "\n",
    "            RT_target_to_camera = np.column_stack((R_tc[i], T_tc[i]))\n",
    "            RT_target_to_camera = np.row_stack((RT_target_to_camera, np.array([0, 0, 0, 1])))\n",
    "            # print(RT_target_to_camera)\n",
    "            RT_target_to_base = RT_gripper2base @ RT_camera_to_gripper @ RT_target_to_camera\n",
    "            \n",
    "            print(\"第{}次验证结果为:\".format(i))\n",
    "            print(RT_target_to_base)\n",
    "            print('')"
   ]
  },
  {
   "cell_type": "code",
   "execution_count": 115,
   "id": "b6678e6d",
   "metadata": {},
   "outputs": [
    {
     "name": "stdout",
     "output_type": "stream",
     "text": [
      "第0次验证结果为:\n",
      "[[-0.01722417 -0.99937133  0.03098491  0.68437866]\n",
      " [-0.99793363  0.01910149  0.06134142  1.90896355]\n",
      " [-0.06189521 -0.02986416 -0.99763574  0.73303305]\n",
      " [ 0.          0.          0.          1.        ]]\n",
      "\n",
      "第1次验证结果为:\n",
      "[[ 0.02066768 -0.99944474  0.02614028  0.67621376]\n",
      " [-0.99976306 -0.02048017  0.0074174   1.84671342]\n",
      " [-0.00687802 -0.02628697 -0.99963062  0.71416245]\n",
      " [ 0.          0.          0.          1.        ]]\n",
      "\n",
      "第2次验证结果为:\n",
      "[[ 0.03123113 -0.99885416  0.03626569  0.67066878]\n",
      " [-0.99948606 -0.03094689  0.00835858  1.838007  ]\n",
      " [-0.00722592 -0.03650851 -0.99930731  0.70895779]\n",
      " [ 0.          0.          0.          1.        ]]\n",
      "\n",
      "第3次验证结果为:\n",
      "[[ 2.74605888e-02 -9.99188442e-01  2.94601882e-02  6.67058648e-01]\n",
      " [-9.99622567e-01 -2.74098490e-02  2.12524727e-03  1.83709816e+00]\n",
      " [-1.31572547e-03 -2.95067411e-02 -9.99563612e-01  7.10423453e-01]\n",
      " [ 0.00000000e+00  0.00000000e+00  0.00000000e+00  1.00000000e+00]]\n",
      "\n",
      "第4次验证结果为:\n",
      "[[ 2.61993549e-02 -9.99525803e-01  1.61685206e-02  6.61745891e-01]\n",
      " [-9.99656680e-01 -2.61832546e-02  1.21810395e-03  1.83739223e+00]\n",
      " [-7.95019826e-04 -1.61946567e-02 -9.99868361e-01  7.11134653e-01]\n",
      " [ 0.00000000e+00  0.00000000e+00  0.00000000e+00  1.00000000e+00]]\n",
      "\n",
      "第5次验证结果为:\n",
      "[[ 0.02865465 -0.99882588  0.03906019  0.67068365]\n",
      " [-0.99958149 -0.02847882  0.00506394  1.83781114]\n",
      " [-0.00394589 -0.03918971 -0.99922385  0.70759189]\n",
      " [ 0.          0.          0.          1.        ]]\n",
      "\n",
      "第6次验证结果为:\n",
      "[[ 3.37786841e-02 -9.98613506e-01  4.03781538e-02  6.69850047e-01]\n",
      " [-9.99428744e-01 -3.37155709e-02  2.24076225e-03  1.83787494e+00]\n",
      " [-8.76538830e-04 -4.04309669e-02 -9.99182283e-01  7.07645782e-01]\n",
      " [ 0.00000000e+00  0.00000000e+00  0.00000000e+00  1.00000000e+00]]\n",
      "\n",
      "第7次验证结果为:\n",
      "[[ 0.03438264 -0.99875304  0.03620211  0.66923086]\n",
      " [-0.9994073  -0.03429287  0.00310222  1.83669774]\n",
      " [-0.0018574  -0.03628688 -0.99934018  0.70690732]\n",
      " [ 0.          0.          0.          1.        ]]\n",
      "\n",
      "第8次验证结果为:\n",
      "[[ 3.38014375e-02 -9.98782478e-01  3.59308278e-02  6.68101338e-01]\n",
      " [-9.99428470e-01 -3.37819998e-02  1.15922247e-03  1.83717981e+00]\n",
      " [ 5.58446418e-05 -3.59499766e-02 -9.99353561e-01  7.07860144e-01]\n",
      " [ 0.00000000e+00  0.00000000e+00  0.00000000e+00  1.00000000e+00]]\n",
      "\n",
      "第9次验证结果为:\n",
      "[[ 0.03428207 -0.99855496  0.04137741  0.67064968]\n",
      " [-0.99940472 -0.03409579  0.00519769  1.83828784]\n",
      " [-0.00377985 -0.04153148 -0.99913004  0.70810647]\n",
      " [ 0.          0.          0.          1.        ]]\n",
      "\n",
      "第10次验证结果为:\n",
      "[[ 0.03342108 -0.99851818  0.04293953  0.67132664]\n",
      " [-0.99942424 -0.03313628  0.00731381  1.83857306]\n",
      " [-0.0058795  -0.0431587  -0.99905065  0.7085811 ]\n",
      " [ 0.          0.          0.          1.        ]]\n",
      "\n",
      "第11次验证结果为:\n",
      "[[ 0.03326457 -0.99873862  0.03761597  0.66865189]\n",
      " [-0.99941651 -0.03294968  0.00895552  1.83997545]\n",
      " [-0.00770446 -0.03789226 -0.99925211  0.7108146 ]\n",
      " [ 0.          0.          0.          1.        ]]\n",
      "\n",
      "第12次验证结果为:\n",
      "[[ 0.03635841 -0.99870182  0.03569444  0.66766235]\n",
      " [-0.99928774 -0.0359733   0.0113789   1.83936824]\n",
      " [-0.01007948 -0.03608263 -0.99929847  0.71124272]\n",
      " [ 0.          0.          0.          1.        ]]\n",
      "\n",
      "第13次验证结果为:\n",
      "[[ 0.03554157 -0.99873504  0.03557008  0.6679233 ]\n",
      " [-0.99930351 -0.03511266  0.01262652  1.83994103]\n",
      " [-0.01136225 -0.03599428 -0.99928711  0.7115303 ]\n",
      " [ 0.          0.          0.          1.        ]]\n",
      "\n",
      "第14次验证结果为:\n",
      "[[ 0.03856086 -0.99892408  0.02578226  0.66375809]\n",
      " [-0.99918234 -0.0382321   0.01313186  1.8395538 ]\n",
      " [-0.01213185 -0.02626769 -0.99958122  0.71266781]\n",
      " [ 0.          0.          0.          1.        ]]\n",
      "\n",
      "第15次验证结果为:\n",
      "[[ 0.03954193 -0.99875606  0.03038367  0.663684  ]\n",
      " [-0.99917148 -0.03922726  0.01086924  1.8397359 ]\n",
      " [-0.00966424 -0.03078766 -0.99947902  0.71314798]\n",
      " [ 0.          0.          0.          1.        ]]\n",
      "\n",
      "第16次验证结果为:\n",
      "[[ 0.03757852 -0.99886496  0.02925792  0.66359435]\n",
      " [-0.99921399 -0.03719008  0.01369097  1.83955026]\n",
      " [-0.01258783 -0.02974898 -0.99947782  0.71318467]\n",
      " [ 0.          0.          0.          1.        ]]\n",
      "\n",
      "第17次验证结果为:\n",
      "[[ 0.03492498 -0.99894074  0.02997077  0.66352267]\n",
      " [-0.9993034  -0.03451194  0.01417805  1.83913925]\n",
      " [-0.01312864 -0.0304452  -0.99944964  0.71268071]\n",
      " [ 0.          0.          0.          1.        ]]\n",
      "\n",
      "第18次验证结果为:\n",
      "[[ 0.03924908 -0.9987378   0.03134285  0.66375515]\n",
      " [-0.9991773  -0.03890663  0.01146492  1.84005495]\n",
      " [-0.01023126 -0.03176731 -0.99944288  0.71259658]\n",
      " [ 0.          0.          0.          1.        ]]\n",
      "\n",
      "第19次验证结果为:\n",
      "[[ 0.05304309 -0.99805458  0.03275318  0.65046284]\n",
      " [-0.99853592 -0.05266215  0.01238721  1.83973139]\n",
      " [-0.01063877 -0.0333628  -0.99938612  0.70422161]\n",
      " [ 0.          0.          0.          1.        ]]\n",
      "\n",
      "第20次验证结果为:\n",
      "[[ 0.03674549 -0.99867784  0.03595956  0.6651225 ]\n",
      " [-0.99925214 -0.03628578  0.01336628  1.83918114]\n",
      " [-0.01204392 -0.03642381 -0.99926343  0.71150302]\n",
      " [ 0.          0.          0.          1.        ]]\n",
      "\n",
      "第21次验证结果为:\n",
      "[[ 0.03544683 -0.99885904  0.03200256  0.66406464]\n",
      " [-0.99929605 -0.0350316   0.01341373  1.83994645]\n",
      " [-0.01227768 -0.0324556  -0.9993975   0.71220745]\n",
      " [ 0.          0.          0.          1.        ]]\n",
      "\n",
      "第22次验证结果为:\n",
      "[[ 0.03902653 -0.99849492  0.03853142  0.6694253 ]\n",
      " [-0.99921608 -0.03873856  0.00818387  1.83958716]\n",
      " [-0.00667827 -0.03882085 -0.99922394  0.70851579]\n",
      " [ 0.          0.          0.          1.        ]]\n",
      "\n",
      "第23次验证结果为:\n",
      "[[ 0.0369008  -0.99859164  0.03812921  0.67044248]\n",
      " [-0.99926587 -0.03647973  0.01168728  1.8404007 ]\n",
      " [-0.01028017 -0.03853233 -0.99920417  0.70878831]\n",
      " [ 0.          0.          0.          1.        ]]\n",
      "\n",
      "第24次验证结果为:\n",
      "[[ 0.04302166 -0.99729088  0.0596661   0.65898746]\n",
      " [-0.99906731 -0.04272429  0.00625001  1.84508365]\n",
      " [-0.0036838  -0.05987988 -0.99819874  0.69689472]\n",
      " [ 0.          0.          0.          1.        ]]\n",
      "\n",
      "第25次验证结果为:\n",
      "[[ 0.03602664 -0.9982891   0.04605206  0.67599227]\n",
      " [-0.99932485 -0.03565385  0.00889135  1.8418586 ]\n",
      " [-0.00723426 -0.04634146 -0.99889971  0.70388321]\n",
      " [ 0.          0.          0.          1.        ]]\n",
      "\n",
      "第26次验证结果为:\n",
      "[[ 0.03604593 -0.99851619  0.04083093  0.67309786]\n",
      " [-0.99926291 -0.03547077  0.01471218  1.84253274]\n",
      " [-0.01324199 -0.04133076 -0.99905754  0.70875296]\n",
      " [ 0.          0.          0.          1.        ]]\n",
      "\n",
      "第27次验证结果为:\n",
      "[[ 0.03481145 -0.9985069   0.04209166  0.67501845]\n",
      " [-0.99921493 -0.03397776  0.02036839  1.84118679]\n",
      " [-0.01890777 -0.04276786 -0.99890635  0.70756306]\n",
      " [ 0.          0.          0.          1.        ]]\n",
      "\n",
      "第28次验证结果为:\n",
      "[[ 0.03554536 -0.9984376   0.04311926  0.67468444]\n",
      " [-0.99920601 -0.0347275   0.01955144  1.84208816]\n",
      " [-0.01802331 -0.04378012 -0.99887851  0.70856411]\n",
      " [ 0.          0.          0.          1.        ]]\n",
      "\n",
      "第29次验证结果为:\n",
      "[[ 0.03388914 -0.99877435  0.03606487  0.67453731]\n",
      " [-0.99928621 -0.03325898  0.01791797  1.84050558]\n",
      " [-0.01669621 -0.03664595 -0.99918939  0.71396074]\n",
      " [ 0.          0.          0.          1.        ]]\n",
      "\n",
      "第30次验证结果为:\n",
      "[[ 0.03501966 -0.99878214  0.034751    0.6662171 ]\n",
      " [-0.99937469 -0.0351688  -0.003708    1.83812896]\n",
      " [ 0.00492606 -0.03459892 -0.99938952  0.71150693]\n",
      " [ 0.          0.          0.          1.        ]]\n",
      "\n",
      "第31次验证结果为:\n",
      "[[ 3.13666636e-02 -9.98650105e-01  4.14002238e-02  6.71661061e-01]\n",
      " [-9.99506338e-01 -3.14179696e-02 -5.89996339e-04  1.83679015e+00]\n",
      " [ 1.89030435e-03 -4.13615355e-02 -9.99142489e-01  7.08837789e-01]\n",
      " [ 0.00000000e+00  0.00000000e+00  0.00000000e+00  1.00000000e+00]]\n",
      "\n",
      "第32次验证结果为:\n",
      "[[ 1.52225443e-02 -9.99717899e-01  1.82207120e-02  6.77026409e-01]\n",
      " [-9.99883134e-01 -1.51888206e-02  2.01327048e-03  1.82943515e+00]\n",
      " [-1.73603212e-03 -1.82493857e-02 -9.99832109e-01  7.17889328e-01]\n",
      " [ 0.00000000e+00  0.00000000e+00  0.00000000e+00  1.00000000e+00]]\n",
      "\n",
      "第33次验证结果为:\n",
      "[[ 0.02792807 -0.99891784  0.03718554  0.67085221]\n",
      " [-0.99956869 -0.0275691   0.01013341  1.83717534]\n",
      " [-0.00909703 -0.03745295 -0.99925667  0.71030428]\n",
      " [ 0.          0.          0.          1.        ]]\n",
      "\n",
      "第34次验证结果为:\n",
      "[[ 0.02666475 -0.99882797  0.04039601  0.67139767]\n",
      " [-0.99962099 -0.02636873  0.00784129  1.8392935 ]\n",
      " [-0.00676701 -0.04058973 -0.99915343  0.71041063]\n",
      " [ 0.          0.          0.          1.        ]]\n",
      "\n",
      "第35次验证结果为:\n",
      "[[ 0.01867482 -0.99908395  0.03849338  0.67354683]\n",
      " [-0.9997925  -0.01834599  0.00887107  1.84262834]\n",
      " [-0.00815759 -0.03865118 -0.99921918  0.71307056]\n",
      " [ 0.          0.          0.          1.        ]]\n",
      "\n",
      "第36次验证结果为:\n",
      "[[ 0.03352401 -0.99865942  0.0394309   0.67132867]\n",
      " [-0.99936216 -0.0330089   0.01365139  1.8400391 ]\n",
      " [-0.01233141 -0.03986359 -0.99912942  0.71036108]\n",
      " [ 0.          0.          0.          1.        ]]\n",
      "\n",
      "第37次验证结果为:\n",
      "[[ 0.036774   -0.9985885   0.03831348  0.67050829]\n",
      " [-0.99917397 -0.03607793  0.01871369  1.84204325]\n",
      " [-0.01730433 -0.03896966 -0.99909087  0.71175947]\n",
      " [ 0.          0.          0.          1.        ]]\n",
      "\n",
      "第38次验证结果为:\n",
      "[[ 0.03852383 -0.99864248  0.03505087  0.66871487]\n",
      " [-0.99915247 -0.03798776  0.015834    1.84165679]\n",
      " [-0.01448169 -0.03563149 -0.99926006  0.71170336]\n",
      " [ 0.          0.          0.          1.        ]]\n",
      "\n",
      "第39次验证结果为:\n",
      "[[ 0.04007679 -0.99852418  0.03664888  0.66893224]\n",
      " [-0.99912555 -0.03961102  0.01334431  1.84089394]\n",
      " [-0.0118732  -0.03715258 -0.99923944  0.71137309]\n",
      " [ 0.          0.          0.          1.        ]]\n",
      "\n",
      "第40次验证结果为:\n",
      "[[ 0.0135197  -0.99927052  0.03570937  0.67872301]\n",
      " [-0.99984974 -0.01312193  0.01135287  1.83724545]\n",
      " [-0.01087564 -0.03585773 -0.99929775  0.70994108]\n",
      " [ 0.          0.          0.          1.        ]]\n",
      "\n",
      "第41次验证结果为:\n",
      "[[ 0.03651178 -0.99876229  0.03377248  0.66828035]\n",
      " [-0.99926289 -0.03608708  0.01308001  1.8402136 ]\n",
      " [-0.01184489 -0.03422525 -0.99934355  0.71135928]\n",
      " [ 0.          0.          0.          1.        ]]\n",
      "\n",
      "第42次验证结果为:\n",
      "[[ 0.03595257 -0.99890223  0.03002631  0.66758369]\n",
      " [-0.99929944 -0.03562204  0.01147667  1.84005142]\n",
      " [-0.01039482 -0.03041866 -0.99948341  0.71120985]\n",
      " [ 0.          0.          0.          1.        ]]\n",
      "\n",
      "第43次验证结果为:\n",
      "[[ 0.03936101 -0.99891164  0.0250312   0.66612962]\n",
      " [-0.99919226 -0.0391446   0.00906443  1.84090435]\n",
      " [-0.00807489 -0.02536689 -0.99964596  0.71166602]\n",
      " [ 0.          0.          0.          1.        ]]\n",
      "\n",
      "第44次验证结果为:\n",
      "[[ 0.03377112 -0.99901883  0.02865646  0.66753946]\n",
      " [-0.99938034 -0.03347072  0.01090045  1.83872506]\n",
      " [-0.00993065 -0.0290072  -0.99952937  0.71123347]\n",
      " [ 0.          0.          0.          1.        ]]\n",
      "\n",
      "第45次验证结果为:\n",
      "[[ 0.03277051 -0.99907958  0.02767743  0.66620326]\n",
      " [-0.9994397  -0.03256976  0.00767879  1.83829636]\n",
      " [-0.00676944 -0.02791371 -0.99958771  0.71139823]\n",
      " [ 0.          0.          0.          1.        ]]\n",
      "\n",
      "第46次验证结果为:\n",
      "[[ 0.0357151  -0.99870416  0.03624918  0.67068893]\n",
      " [-0.99926653 -0.03518662  0.01510836  1.84110866]\n",
      " [-0.01381328 -0.03676211 -0.99922844  0.71090016]\n",
      " [ 0.          0.          0.          1.        ]]\n",
      "\n",
      "第47次验证结果为:\n",
      "[[ 0.03464338 -0.9987343   0.03647199  0.67160368]\n",
      " [-0.99928667 -0.03406838  0.01629275  1.84177906]\n",
      " [-0.01502884 -0.03701076 -0.99920169  0.71079422]\n",
      " [ 0.          0.          0.          1.        ]]\n",
      "\n",
      "第48次验证结果为:\n",
      "[[ 0.03639248 -0.99871935  0.03516116  0.67049951]\n",
      " [-0.99926517 -0.03594274  0.0133249   1.83982972]\n",
      " [-0.01204382 -0.03562049 -0.99929257  0.71037538]\n",
      " [ 0.          0.          0.          1.        ]]\n",
      "\n",
      "第49次验证结果为:\n",
      "[[ 0.03750711 -0.99857745  0.03790411  0.67111522]\n",
      " [-0.99924833 -0.03710742  0.01118852  1.84053325]\n",
      " [-0.00976545 -0.03829555 -0.99921824  0.7104334 ]\n",
      " [ 0.          0.          0.          1.        ]]\n",
      "\n",
      "第50次验证结果为:\n",
      "[[ 0.03581788 -0.99840331  0.04368144  0.67155071]\n",
      " [-0.99925043 -0.03513733  0.01624409  1.84185215]\n",
      " [-0.01468371 -0.04423077 -0.9989139   0.71126841]\n",
      " [ 0.          0.          0.          1.        ]]\n",
      "\n",
      "第51次验证结果为:\n",
      "[[ 0.03356997 -0.99872117  0.03779162  0.67207544]\n",
      " [-0.99935412 -0.03305689  0.0141106   1.8407041 ]\n",
      " [-0.01284328 -0.03824103 -0.99918578  0.71001944]\n",
      " [ 0.          0.          0.          1.        ]]\n",
      "\n",
      "第52次验证结果为:\n",
      "[[ 0.03252046 -0.9984988   0.0440777   0.67441006]\n",
      " [-0.99937581 -0.03187721  0.01522202  1.84275856]\n",
      " [-0.01379412 -0.04454578 -0.99891222  0.70997427]\n",
      " [ 0.          0.          0.          1.        ]]\n",
      "\n",
      "第53次验证结果为:\n",
      "[[ 0.03039544 -0.99887281  0.0364577   0.6721642 ]\n",
      " [-0.99926514 -0.02951485  0.02445381  1.84573172]\n",
      " [-0.02335003 -0.03717376 -0.99903647  0.71147294]\n",
      " [ 0.          0.          0.          1.        ]]\n",
      "\n",
      "第54次验证结果为:\n",
      "[[ 0.03137159 -0.9984335   0.04633282  0.67324913]\n",
      " [-0.99933258 -0.03046366  0.02018437  1.84334597]\n",
      " [-0.01874143 -0.04693568 -0.99872171  0.71103784]\n",
      " [ 0.          0.          0.          1.        ]]\n",
      "\n",
      "第55次验证结果为:\n",
      "[[ 0.03254259 -0.99888721  0.03414076  0.66990927]\n",
      " [-0.99938915 -0.03208473  0.01388268  1.84277402]\n",
      " [-0.01277156 -0.03457178 -0.99932091  0.71148982]\n",
      " [ 0.          0.          0.          1.        ]]\n",
      "\n",
      "第56次验证结果为:\n",
      "[[ 0.02882913 -0.99902136  0.03356385  0.67108686]\n",
      " [-0.99947215 -0.02830707  0.01593294  1.84122163]\n",
      " [-0.01496762 -0.03400553 -0.99930942  0.71000767]\n",
      " [ 0.          0.          0.          1.        ]]\n",
      "\n",
      "第57次验证结果为:\n",
      "[[ 0.03190959 -0.99890688  0.03415294  0.67172012]\n",
      " [-0.99943449 -0.03152747  0.01167004  1.84067287]\n",
      " [-0.01057947 -0.03450591 -0.99934883  0.7092133 ]\n",
      " [ 0.          0.          0.          1.        ]]\n",
      "\n",
      "第58次验证结果为:\n",
      "[[ 0.03494633 -0.99864532  0.03855665  0.67497343]\n",
      " [-0.99932762 -0.03449013  0.01244273  1.84215392]\n",
      " [-0.01109609 -0.03896532 -0.99917849  0.70799723]\n",
      " [ 0.          0.          0.          1.        ]]\n",
      "\n",
      "第59次验证结果为:\n",
      "[[ 0.03489287 -0.99861949  0.03927478  0.67206374]\n",
      " [-0.99927534 -0.03426326  0.01658367  1.84150379]\n",
      " [-0.01521531 -0.0398251  -0.99909089  0.7099896 ]\n",
      " [ 0.          0.          0.          1.        ]]\n",
      "\n",
      "第60次验证结果为:\n",
      "[[ 0.06957241 -0.99675653  0.0404475   0.66722588]\n",
      " [-0.99749641 -0.06899476  0.01550862  1.8374621 ]\n",
      " [-0.01266745 -0.0414257  -0.99906165  0.71135506]\n",
      " [ 0.          0.          0.          1.        ]]\n",
      "\n",
      "第61次验证结果为:\n",
      "[[ 0.03837766 -0.9985573   0.03755612  0.66787099]\n",
      " [-0.99925011 -0.03815739  0.00656887  1.83816116]\n",
      " [-0.00512697 -0.03777956 -0.99927294  0.71100608]\n",
      " [ 0.          0.          0.          1.        ]]\n",
      "\n",
      "第62次验证结果为:\n",
      "[[ 0.03459778 -0.99904298  0.02677043  0.6718129 ]\n",
      " [-0.99933789 -0.03428058  0.01222844  1.84020758]\n",
      " [-0.01129928 -0.02717596 -0.99956735  0.70875824]\n",
      " [ 0.          0.          0.          1.        ]]\n",
      "\n",
      "第63次验证结果为:\n",
      "[[ 0.02379963 -0.99927754  0.02962835  0.67593421]\n",
      " [-0.99958332 -0.0233013   0.01704778  1.83556417]\n",
      " [-0.01634428 -0.03002119 -0.99941587  0.71206074]\n",
      " [ 0.          0.          0.          1.        ]]\n",
      "\n",
      "第64次验证结果为:\n",
      "[[ 0.03022444 -0.99886864  0.03671259  0.67134967]\n",
      " [-0.99945314 -0.02971028  0.01448046  1.84170585]\n",
      " [-0.0133733  -0.0371297  -0.99922102  0.71178562]\n",
      " [ 0.          0.          0.          1.        ]]\n",
      "\n",
      "第65次验证结果为:\n",
      "[[ 0.03099665 -0.99893334  0.03422717  0.67011562]\n",
      " [-0.99929779 -0.03025143  0.02210348  1.84571345]\n",
      " [-0.02104502 -0.0348889  -0.99916985  0.71315552]\n",
      " [ 0.          0.          0.          1.        ]]\n",
      "\n",
      "第66次验证结果为:\n",
      "[[ 0.02586469 -0.99924357  0.02903035  0.66959407]\n",
      " [-0.99928599 -0.02504292  0.0283025   1.84557706]\n",
      " [-0.02755436 -0.02974161 -0.99917795  0.71312293]\n",
      " [ 0.          0.          0.          1.        ]]\n",
      "\n",
      "第67次验证结果为:\n",
      "[[ 0.02559067 -0.9995063   0.01824347  0.65999323]\n",
      " [-0.99918807 -0.02500633  0.03158317  1.84060238]\n",
      " [-0.03111144 -0.01903712 -0.99933507  0.71344439]\n",
      " [ 0.          0.          0.          1.        ]]\n",
      "\n",
      "第68次验证结果为:\n",
      "[[ 0.019811   -0.99947186  0.02573076  0.65718907]\n",
      " [-0.99910433 -0.01882847  0.03789448  1.8421181 ]\n",
      " [-0.03739014 -0.02645888 -0.99895033  0.71015701]\n",
      " [ 0.          0.          0.          1.        ]]\n",
      "\n",
      "第69次验证结果为:\n",
      "[[-0.00429528 -0.99983475  0.01767321  0.66023443]\n",
      " [-0.99922869  0.0049809   0.03895178  1.83785356]\n",
      " [-0.03903406 -0.01749214 -0.99908467  0.71124974]\n",
      " [ 0.          0.          0.          1.        ]]\n",
      "\n",
      "第70次验证结果为:\n",
      "[[-0.03075223 -0.99935053  0.01880402  0.66431593]\n",
      " [-0.99888919  0.03139901  0.03513419  1.82202127]\n",
      " [-0.03570098 -0.01770218 -0.9992054   0.71036267]\n",
      " [ 0.          0.          0.          1.        ]]\n",
      "\n",
      "第71次验证结果为:\n",
      "[[-0.05374392 -0.99839921  0.0176382   0.66313125]\n",
      " [-0.99816558  0.0542079   0.02694927  1.81128681]\n",
      " [-0.02786277 -0.01615713 -0.99948077  0.70893315]\n",
      " [ 0.          0.          0.          1.        ]]\n",
      "\n",
      "第72次验证结果为:\n",
      "[[-0.09305592 -0.99509588  0.03354405  0.66989534]\n",
      " [-0.99491845  0.09423515  0.03545621  1.81654803]\n",
      " [-0.03844413 -0.03007337 -0.99880786  0.7030083 ]\n",
      " [ 0.          0.          0.          1.        ]]\n",
      "\n",
      "第73次验证结果为:\n",
      "[[-0.11807605 -0.99177919  0.04931512  0.67140402]\n",
      " [-0.99207152  0.11997183  0.03741858  1.8142162 ]\n",
      " [-0.0430266  -0.04450664 -0.99808214  0.70068991]\n",
      " [ 0.          0.          0.          1.        ]]\n",
      "\n",
      "第74次验证结果为:\n",
      "[[-0.13601847 -0.98894679  0.05901763  0.67432927]\n",
      " [-0.98976929  0.13823911  0.03530288  1.80708033]\n",
      " [-0.04307214 -0.05361252 -0.99763287  0.69397267]\n",
      " [ 0.          0.          0.          1.        ]]\n",
      "\n",
      "第75次验证结果为:\n",
      "[[-0.16430324 -0.98390255  0.07028738  0.67696548]\n",
      " [-0.98543083  0.16689697  0.0327455   1.80602042]\n",
      " [-0.0439487  -0.06388241 -0.99698887  0.69195095]\n",
      " [ 0.          0.          0.          1.        ]]\n",
      "\n",
      "第76次验证结果为:\n",
      "[[ 0.02992408 -0.99893759  0.03504816  0.67254072]\n",
      " [-0.99948289 -0.02949238  0.01279937  1.84393357]\n",
      " [-0.01175235 -0.03541249 -0.99930403  0.71066577]\n",
      " [ 0.          0.          0.          1.        ]]\n",
      "\n",
      "第77次验证结果为:\n",
      "[[ 0.02771979 -0.99924532  0.02720925  0.66742639]\n",
      " [-0.99957639 -0.02746643  0.00964721  1.83905609]\n",
      " [-0.0088927  -0.02746489 -0.99958329  0.71059717]\n",
      " [ 0.          0.          0.          1.        ]]\n",
      "\n",
      "第78次验证结果为:\n",
      "[[ 0.02956288 -0.99901829  0.03298953  0.67306854]\n",
      " [-0.99944845 -0.02904402  0.01609209  1.84466465]\n",
      " [-0.01511803 -0.03344738 -0.99932605  0.70913896]\n",
      " [ 0.          0.          0.          1.        ]]\n",
      "\n",
      "第79次验证结果为:\n",
      "[[ 0.03081321 -0.99917419  0.02649106  0.67175833]\n",
      " [-0.99941905 -0.03041257  0.01539277  1.84430708]\n",
      " [-0.0145747  -0.02695053 -0.99952995  0.70985601]\n",
      " [ 0.          0.          0.          1.        ]]\n",
      "\n",
      "第80次验证结果为:\n",
      "[[ 0.02900133 -0.99924434  0.02588269  0.67070555]\n",
      " [-0.99951338 -0.02869262  0.01224801  1.84106969]\n",
      " [-0.01149564 -0.02622506 -0.99958991  0.71012617]\n",
      " [ 0.          0.          0.          1.        ]]\n",
      "\n",
      "第81次验证结果为:\n",
      "[[ 0.03907859 -0.99855277  0.03694931  0.67305314]\n",
      " [-0.99906035 -0.03835069  0.02020768  1.84741713]\n",
      " [-0.01876142 -0.03770396 -0.99911308  0.71082687]\n",
      " [ 0.          0.          0.          1.        ]]\n",
      "\n",
      "第82次验证结果为:\n",
      "[[ 0.03757153 -0.99890598  0.0278549   0.67301031]\n",
      " [-0.99882934 -0.03668935  0.03151865  1.85045756]\n",
      " [-0.03046254 -0.02900654 -0.99911502  0.71004849]\n",
      " [ 0.          0.          0.          1.        ]]\n",
      "\n",
      "第83次验证结果为:\n",
      "[[ 0.0304131  -0.99916961  0.02710831  0.67225043]\n",
      " [-0.99947663 -0.03010223  0.0117892   1.84090858]\n",
      " [-0.01096351 -0.02745274 -0.99956348  0.71020132]\n",
      " [ 0.          0.          0.          1.        ]]\n",
      "\n",
      "第84次验证结果为:\n",
      "[[ 0.0324813  -0.99908467  0.02783153  0.67236194]\n",
      " [-0.99933751 -0.03200732  0.01733159  1.84354215]\n",
      " [-0.01642501 -0.02837527 -0.9994624   0.71047089]\n",
      " [ 0.          0.          0.          1.        ]]\n",
      "\n",
      "第85次验证结果为:\n",
      "[[ 0.03454707 -0.99899025  0.02870172  0.67232846]\n",
      " [-0.99934288 -0.0342152   0.01196206  1.84430111]\n",
      " [-0.01096831 -0.02909579 -0.99951623  0.71035607]\n",
      " [ 0.          0.          0.          1.        ]]\n",
      "\n",
      "第86次验证结果为:\n",
      "[[ 0.03254219 -0.99924622  0.02116067  0.66940273]\n",
      " [-0.99945293 -0.03240809  0.00667029  1.8414569 ]\n",
      " [-0.00598035 -0.02136602 -0.99975414  0.71104907]\n",
      " [ 0.          0.          0.          1.        ]]\n",
      "\n",
      "第87次验证结果为:\n",
      "[[ 0.03299226 -0.99917042  0.02385911  0.66900016]\n",
      " [-0.99938262 -0.03269234  0.01285916  1.84233229]\n",
      " [-0.01206863 -0.02426861 -0.99963281  0.71197224]\n",
      " [ 0.          0.          0.          1.        ]]\n",
      "\n",
      "第88次验证结果为:\n",
      "[[ 0.0337929  -0.99924113  0.01937166  0.6674951 ]\n",
      " [-0.99940666 -0.03365579  0.00732933  1.83928122]\n",
      " [-0.00667174 -0.01960729 -0.99978568  0.71215762]\n",
      " [ 0.          0.          0.          1.        ]]\n",
      "\n",
      "第89次验证结果为:\n",
      "[[ 0.03211274 -0.99914881  0.02589758  0.67044876]\n",
      " [-0.99935107 -0.03167476  0.0171782   1.84500274]\n",
      " [-0.01634362 -0.02643256 -0.99951715  0.71141856]\n",
      " [ 0.          0.          0.          1.        ]]\n",
      "\n",
      "第90次验证结果为:\n",
      "[[ 0.03291123 -0.99908383  0.02735375  0.67218589]\n",
      " [-0.9991067  -0.03216177  0.02742118  1.84821451]\n",
      " [-0.02651649 -0.02823156 -0.99924953  0.71052145]\n",
      " [ 0.          0.          0.          1.        ]]\n",
      "\n",
      "第91次验证结果为:\n",
      "[[ 0.03891794 -0.99863938  0.03470937  0.67336895]\n",
      " [-0.99886093 -0.03792035  0.02895234  1.85092258]\n",
      " [-0.02759627 -0.03579626 -0.99897856  0.71090769]\n",
      " [ 0.          0.          0.          1.        ]]\n",
      "\n",
      "第92次验证结果为:\n",
      "[[ 0.03792127 -0.99871205  0.03371989  0.67283822]\n",
      " [-0.99902512 -0.03712699  0.02388578  1.84829589]\n",
      " [-0.02260357 -0.03459283 -0.99914572  0.71171646]\n",
      " [ 0.          0.          0.          1.        ]]\n",
      "\n",
      "第93次验证结果为:\n",
      "[[ 0.02870946 -0.99917065  0.02885582  0.67122957]\n",
      " [-0.99951675 -0.02834975  0.01278437  1.84305479]\n",
      " [-0.01195498 -0.02920933 -0.99950181  0.7116469 ]\n",
      " [ 0.          0.          0.          1.        ]]\n",
      "\n",
      "第94次验证结果为:\n",
      "[[ 0.03582975 -0.99888028  0.03087943  0.67348327]\n",
      " [-0.99907099 -0.0350618   0.02506228  1.84885708]\n",
      " [-0.02395141 -0.03174864 -0.99920883  0.71165472]\n",
      " [ 0.          0.          0.          1.        ]]\n",
      "\n",
      "第95次验证结果为:\n",
      "[[ 0.03578229 -0.99911331  0.02219927  0.67170544]\n",
      " [-0.99877743 -0.03499438  0.03490546  1.84938286]\n",
      " [-0.03409754 -0.02342165 -0.99914419  0.71221241]\n",
      " [ 0.          0.          0.          1.        ]]\n",
      "\n",
      "第96次验证结果为:\n",
      "[[ 0.02894427 -0.99915027  0.02935181  0.6676534 ]\n",
      " [-0.99942981 -0.02841554  0.01826114  1.84298936]\n",
      " [-0.01741172 -0.02986297 -0.99940214  0.71369587]\n",
      " [ 0.          0.          0.          1.        ]]\n",
      "\n",
      "第97次验证结果为:\n",
      "[[ 3.44413344e-02 -9.99290960e-01  1.52056912e-02  6.65045515e-01]\n",
      " [-9.99406709e-01 -3.44520293e-02 -4.45768408e-04  1.83938830e+00]\n",
      " [ 9.68885207e-04 -1.51807642e-02 -9.99884543e-01  7.12536911e-01]\n",
      " [ 0.00000000e+00  0.00000000e+00  0.00000000e+00  1.00000000e+00]]\n",
      "\n",
      "第98次验证结果为:\n",
      "[[ 2.59050009e-02 -9.99319584e-01  2.62383657e-02  6.65404155e-01]\n",
      " [-9.99664113e-01 -2.59208042e-02 -2.91908823e-04  1.83458553e+00]\n",
      " [ 9.71986149e-04 -2.62219039e-02 -9.99655618e-01  7.13034233e-01]\n",
      " [ 0.00000000e+00  0.00000000e+00  0.00000000e+00  1.00000000e+00]]\n",
      "\n",
      "第99次验证结果为:\n",
      "[[ 0.02872057 -0.99923005  0.0267299   0.6668901 ]\n",
      " [-0.99958368 -0.02863218  0.00364813  1.83687906]\n",
      " [-0.00287976 -0.02682355 -0.99963637  0.71284617]\n",
      " [ 0.          0.          0.          1.        ]]\n",
      "\n",
      "第100次验证结果为:\n",
      "[[ 0.03008344 -0.99946139  0.01310541  0.66244101]\n",
      " [-0.99950276 -0.03020354 -0.0090196   1.8330123 ]\n",
      " [ 0.00941059 -0.01282698 -0.99987386  0.71211073]\n",
      " [ 0.          0.          0.          1.        ]]\n",
      "\n",
      "第101次验证结果为:\n",
      "[[ 3.03686786e-02 -9.99342915e-01  1.97900942e-02  6.66287782e-01]\n",
      " [-9.99538460e-01 -3.03482346e-02  1.31693908e-03  1.83760954e+00]\n",
      " [-7.15293358e-04 -1.98206002e-02 -9.99802983e-01  7.13148985e-01]\n",
      " [ 0.00000000e+00  0.00000000e+00  0.00000000e+00  1.00000000e+00]]\n",
      "\n",
      "第102次验证结果为:\n",
      "[[ 0.03439528 -0.99882499  0.03415405  0.66966504]\n",
      " [-0.99937262 -0.0340847   0.00962223  1.83826086]\n",
      " [-0.00844678 -0.03446356 -0.99937043  0.71399499]\n",
      " [ 0.          0.          0.          1.        ]]\n",
      "\n",
      "第103次验证结果为:\n",
      "[[ 0.03272343 -0.99877902  0.03700307  0.67209826]\n",
      " [-0.99903026 -0.03159617  0.0306468   1.84791604]\n",
      " [-0.02944017 -0.03796977 -0.99884502  0.71598528]\n",
      " [ 0.          0.          0.          1.        ]]\n",
      "\n",
      "第104次验证结果为:\n",
      "[[ 0.02869666 -0.99934211  0.02218745  0.66423524]\n",
      " [-0.99949508 -0.02838484  0.0142475   1.84248221]\n",
      " [-0.01360917 -0.02258567 -0.99965188  0.71479222]\n",
      " [ 0.          0.          0.          1.        ]]\n",
      "\n",
      "第105次验证结果为:\n",
      "[[ 0.04149855 -0.9981494   0.04445195  0.67114696]\n",
      " [-0.99890657 -0.04048969  0.02336011  1.84318603]\n",
      " [-0.02151632 -0.04537203 -0.9987384   0.71599171]\n",
      " [ 0.          0.          0.          1.        ]]\n",
      "\n",
      "第106次验证结果为:\n",
      "[[ 0.03325479 -0.99916145  0.0238871   0.66308043]\n",
      " [-0.99943367 -0.03312355  0.00587812  1.83784911]\n",
      " [-0.0050827  -0.02406829 -0.99969723  0.71377207]\n",
      " [ 0.          0.          0.          1.        ]]\n",
      "\n",
      "第107次验证结果为:\n",
      "[[ 0.04354362 -0.99898325  0.01169675  0.66133726]\n",
      " [-0.99904846 -0.04351361  0.00281228  1.83516408]\n",
      " [-0.00230032 -0.01180761 -0.99992819  0.71524453]\n",
      " [ 0.          0.          0.          1.        ]]\n",
      "\n",
      "第108次验证结果为:\n",
      "[[ 0.04020052 -0.99884525  0.02630379  0.66433809]\n",
      " [-0.99909435 -0.03981511  0.01500601  1.84111386]\n",
      " [-0.01394234 -0.02688367 -0.99954177  0.71487521]\n",
      " [ 0.          0.          0.          1.        ]]\n",
      "\n",
      "第109次验证结果为:\n",
      "[[ 0.0396589  -0.99907823  0.01641051  0.66217597]\n",
      " [-0.99914906 -0.03946548  0.01197481  1.84085736]\n",
      " [-0.01131649 -0.01687122 -0.99979405  0.7142951 ]\n",
      " [ 0.          0.          0.          1.        ]]\n",
      "\n",
      "第110次验证结果为:\n",
      "[[ 0.0341331  -0.99918662  0.02147427  0.66318868]\n",
      " [-0.99941125 -0.0340529   0.00409764  1.83710763]\n",
      " [-0.00336259 -0.02160165 -0.9997613   0.71375831]\n",
      " [ 0.          0.          0.          1.        ]]\n",
      "\n",
      "第111次验证结果为:\n",
      "[[ 4.46990436e-02 -9.98780669e-01  2.09317223e-02  6.63500853e-01]\n",
      " [-9.98999804e-01 -4.46740936e-02  1.63634681e-03  1.83461668e+00]\n",
      " [-6.99128057e-04 -2.09837098e-02 -9.99779751e-01  7.14497586e-01]\n",
      " [ 0.00000000e+00  0.00000000e+00  0.00000000e+00  1.00000000e+00]]\n",
      "\n",
      "第112次验证结果为:\n",
      "[[ 0.03039334 -0.99936335  0.01867853  0.66226302]\n",
      " [-0.99953575 -0.03034848  0.00268597  1.83683292]\n",
      " [-0.00211703 -0.01875096 -0.9998219   0.71351993]\n",
      " [ 0.          0.          0.          1.        ]]\n",
      "\n",
      "第113次验证结果为:\n",
      "[[ 0.03162979 -0.9986254   0.04179299  0.66845459]\n",
      " [-0.99946948 -0.03127721  0.00905478  1.83943185]\n",
      " [-0.00773549 -0.04205715 -0.99908528  0.71527798]\n",
      " [ 0.          0.          0.          1.        ]]\n",
      "\n",
      "第114次验证结果为:\n",
      "[[ 2.35277241e-02 -9.99561909e-01  1.79457312e-02  6.60855261e-01]\n",
      " [-9.99723023e-01 -2.35180722e-02  7.62166409e-04  1.83577661e+00]\n",
      " [-3.39183378e-04 -1.79585282e-02 -9.99838516e-01  7.13742866e-01]\n",
      " [ 0.00000000e+00  0.00000000e+00  0.00000000e+00  1.00000000e+00]]\n",
      "\n",
      "第115次验证结果为:\n",
      "[[ 0.0244087  -0.99969371  0.00402022  0.65936397]\n",
      " [-0.99969769 -0.02439615  0.0031948   1.83691572]\n",
      " [-0.00309567 -0.00409656 -0.99998679  0.71336981]\n",
      " [ 0.          0.          0.          1.        ]]\n",
      "\n",
      "第116次验证结果为:\n",
      "[[ 0.02141754 -0.99969211  0.01250315  0.66253679]\n",
      " [-0.99973067 -0.02130315  0.00924002  1.84020005]\n",
      " [-0.00897072 -0.0126975  -0.99987954  0.7147665 ]\n",
      " [ 0.          0.          0.          1.        ]]\n",
      "\n",
      "第117次验证结果为:\n",
      "[[ 0.01763577 -0.99983244  0.00494269  0.6570386 ]\n",
      " [-0.99983853 -0.01761911  0.00338463  1.83685972]\n",
      " [-0.00329686 -0.00500117 -0.9999819   0.714207  ]\n",
      " [ 0.          0.          0.          1.        ]]\n",
      "\n",
      "第118次验证结果为:\n",
      "[[ 0.02829426 -0.99949444  0.0145275   0.66362128]\n",
      " [-0.99956768 -0.02817335  0.00840704  1.8380601 ]\n",
      " [-0.00799424 -0.01475917 -0.99985955  0.71444305]\n",
      " [ 0.          0.          0.          1.        ]]\n",
      "\n",
      "第119次验证结果为:\n",
      "[[ 0.02627271 -0.99960679  0.00976265  0.66108811]\n",
      " [-0.99961662 -0.02618481  0.00898965  1.83822049]\n",
      " [-0.00872958 -0.00999577 -0.99991231  0.71483775]\n",
      " [ 0.          0.          0.          1.        ]]\n",
      "\n",
      "第120次验证结果为:\n",
      "[[ 0.03189861 -0.99901053  0.03097993  0.66444014]\n",
      " [-0.99942699 -0.03153085  0.01229416  1.84189164]\n",
      " [-0.01130525 -0.03135411 -0.99944452  0.71697124]\n",
      " [ 0.          0.          0.          1.        ]]\n",
      "\n",
      "第121次验证结果为:\n",
      "[[ 0.03889739 -0.99858611  0.03623014  0.66468832]\n",
      " [-0.99904409 -0.03813958  0.02137507  1.84435554]\n",
      " [-0.01996295 -0.03702649 -0.99911506  0.71832562]\n",
      " [ 0.          0.          0.          1.        ]]\n",
      "\n",
      "第122次验证结果为:\n",
      "[[ 0.04275535 -0.99833131  0.03882622  0.66691685]\n",
      " [-0.9989018  -0.04197004  0.02081525  1.84428016]\n",
